atlas14 <-
structure(list(duration_hr = c(1, 1, 1, 1, 1, 1, 1, 1, 1, 1,
                               2, 2, 2, 2, 2, 2, 2, 2, 2, 2, 3, 3, 3, 3, 3, 3, 3, 3, 3, 3, 6,
                               6, 6, 6, 6, 6, 6, 6, 6, 6, 12, 12, 12, 12, 12, 12, 12, 12, 12,
                               12, 24, 24, 24, 24, 24, 24, 24, 24, 24, 24, 48, 48, 48, 48, 48,
                               48, 48, 48, 48, 48, 72, 72, 72, 72, 72, 72, 72, 72, 72, 72, 96,
                               96, 96, 96, 96, 96, 96, 96, 96, 96, 168, 168, 168, 168, 168,
                               168, 168, 168, 168, 168, 240, 240, 240, 240, 240, 240, 240, 240,
                               240, 240, 480, 480, 480, 480, 480, 480, 480, 480, 480, 480, 720,
                               720, 720, 720, 720, 720, 720, 720, 720, 720, 1080, 1080, 1080,
                               1080, 1080, 1080, 1080, 1080, 1080, 1080, 1440, 1440, 1440, 1440,
                               1440, 1440, 1440, 1440, 1440, 1440),
               recurrence_yr = structure(c(1L,
                               2L, 3L, 4L, 5L, 6L, 7L, 8L, 9L, 10L, 1L, 2L, 3L, 4L, 5L, 6L,
                               7L, 8L, 9L, 10L, 1L, 2L, 3L, 4L, 5L, 6L, 7L, 8L, 9L, 10L, 1L,
                               2L, 3L, 4L, 5L, 6L, 7L, 8L, 9L, 10L, 1L, 2L, 3L, 4L, 5L, 6L,
                               7L, 8L, 9L, 10L, 1L, 2L, 3L, 4L, 5L, 6L, 7L, 8L, 9L, 10L, 1L,
                               2L, 3L, 4L, 5L, 6L, 7L, 8L, 9L, 10L, 1L, 2L, 3L, 4L, 5L, 6L,
                               7L, 8L, 9L, 10L, 1L, 2L, 3L, 4L, 5L, 6L, 7L, 8L, 9L, 10L, 1L,
                               2L, 3L, 4L, 5L, 6L, 7L, 8L, 9L, 10L, 1L, 2L, 3L, 4L, 5L, 6L,
                               7L, 8L, 9L, 10L, 1L, 2L, 3L, 4L, 5L, 6L, 7L, 8L, 9L, 10L, 1L,
                               2L, 3L, 4L, 5L, 6L, 7L, 8L, 9L, 10L, 1L, 2L, 3L, 4L, 5L, 6L,
                               7L, 8L, 9L, 10L, 1L, 2L, 3L, 4L, 5L, 6L, 7L, 8L, 9L, 10L)
                               , levels = c("1", "2", "5", "10", "25", "50", "100", "200", "500", "1000"), class = "factor"),
               precipitation_in = c(2.19, 2.51, 3.07, 3.57, 4.47, 5.15,
                                5.96, 6.89, 8.15, 9.1, 2.7, 3.08, 3.76, 4.39, 5.57, 6.46,
                                7.55, 8.8, 10.5, 11.9, 2.99, 3.39, 4.14, 4.85, 6.27, 7.34,
                                8.68, 10.2, 12.4, 14.1, 3.49, 3.95, 4.85, 5.74, 7.6, 9.01,
                                10.8, 12.9, 15.9, 18.2, 4.02, 4.59, 5.71, 6.82, 9.15, 10.9,
                                13.1, 15.7, 19.5, 22.4, 4.6, 5.32, 6.71, 8.07, 10.8, 12.9,
                                15.6, 18.7, 23.1, 26.5, 5.28, 6.17, 7.83, 9.41, 12.6, 15,
                                17.9, 21.4, 26.3, 30, 5.79, 6.75, 8.52, 10.2, 13.5, 16, 19.1,
                                22.7, 27.8, 31.6, 6.22, 7.21, 9.04, 10.8, 14.2, 16.7, 19.9,
                                23.6, 28.8, 32.7, 7.28, 8.34, 10.2, 12.1, 15.6, 18.2, 21.5,
                                25.3, 30.7, 34.8, 8.24, 9.33, 11.3, 13.2, 16.7, 19.4, 22.8,
                                26.6, 32, 36, 11, 12.3, 14.6, 16.6, 20.2, 23, 26.3, 30.1,
                                35.2, 39, 13.4, 14.9, 17.5, 19.8, 23.6, 26.6, 30, 33.8, 38.7,
                                42.4, 16.4, 18.4, 21.5, 24.2, 28.5, 31.7, 35.4, 39.4, 44.4,
                                48.2, 19, 21.4, 25.1, 28.2, 32.9, 36.6, 40.6, 45, 50.2, 54.3
               )), row.names = c(NA, -150L), class = c("tbl_df", "tbl", "data.frame"))
