# Conversion Factors
kgpd_to_gpm <- 1000/1440
gpm_to_kgpd <- 1440/1000

# Storm Definitions
pf_ma <- 3.99
pf_5yr <- 4.90
pf_25yr <- 7.56
pf_100yr <- 10.6
pf_500yr <- 15.3

